329	148	3
330	148	3
331	147	2
333	149	2
334	150	2

335	150	3
336	149	4
337	149	4
338	148	4
339	147	4
340	146	4
341	146	4
342	145	3
342	144	3
343	143	3
343	142	3
344	141	3
346	140	3
347	139	3
348	139	3
349	138	3
349	137	3
349	136	3
350	135	2
351	135	2
352	134	2
353	133	2
354	132	2
356	131	2
357	130	3
358	130	3
359	129	2
360	129	2
362	128	3
363	128	3
364	128	3
365	129	2
366	129	2
367	129	3
367	129	3

335	151	2
335	152	2
336	152	2
337	152	2
338	151	2
339	150	1
340	150	1
341	150	1
342	149	0
343	149	0
343	149	0
344	149	0
345	150	1
346	151	1
345	152	1
345	153	1
344	153	1
343	154	0

373	128	4
372	128	4
371	129	3
370	129	3
369	129	3
368	130	3

366	131	5
366	131	4
366	131	3

369	131	2
368	132	1
367	132	1

366	131	2
367	131	2

374	127	5

373	126	4
372	125	3
371	124	3
371	124	3
372	125	3
373	126	4
374	126	4
374	125	3
374	124	3
373	123	2
372	122	3

378	125	5
377	126	5
376	127	6
375	128	6

374	128	7
373	128	8
372	129	9
371	130	9
371	131	9
372	132	8

375	129	6

380	122	4
379	123	4
379	124	4

380	124	5

373	131	7

373	133	8
373	134	8
374	135	8

373	130	5
374	130	6
375	130	6

376	130	6
376	131	6
376	132	7

384	120	3
383	120	3
382	120	3
381	121	4

382	122	4

381	124	6
380	125	7
379	125	7
378	125	8

377	123	6
378	124	6
379	125	6

381	126	3
381	125	4

373	132	6
374	132	7

374	130	7
374	131	7

375	135	8

373	136	8

375	133	6
376	133	7

375	131	7
375	132	7

388	117	3
387	118	4
386	119	4
385	120	3

385	119	1
386	120	2

386	121	2
385	122	3

383	122	5
382	123	6
381	123	6

383	123	4
382	123	4
381	123	4

376	136	8
375	137	8
374	138	9
374	139	9
373	140	9

375	133	8
376	134	8

373	137	7
374	137	8

372	136	8
371	137	9
371	138	9
370	138	9
370	138	9
369	137	8

391	121	3
391	120	3
390	119	3
390	118	3
389	117	3

388	118	2
387	118	2
386	118	1

384	122	4
384	123	4
385	124	3

385	123	1
386	123	2
386	123	3

370	141	8
371	140	9
372	140	9

372	141	10
372	142	10
372	143	10
371	144	10
370	145	11

393	122	4
392	122	3

391	123	3

369	144	12
368	144	12
367	145	11

368	147	9
369	146	10
369	145	10

371	146	11

399	120	2
398	121	2
397	121	2
396	121	2
395	121	2
394	122	3

393	122	1
393	122	2

390	124	3

390	123	2
389	123	2
388	123	2

368	144	10
368	145	10

367	146	12
368	147	12
369	147	12
370	148	11

372	147	12
373	148	12
374	149	12

370	146	12
371	147	12

398	119	3
397	118	3
396	117	2
396	117	2
395	116	3

399	118	2

389	125	3

390	125	3
391	125	3

389	123	3
388	122	3
388	122	3

386	123	1
387	124	2

387	122	3
387	123	3

370	148	10
371	149	9
371	150	9
370	151	10
370	151	10

371	149	11
371	150	11
371	150	12
371	150	12
371	150	12
370	151	13
370	151	14
371	150	15

373	149	11
373	150	11

373	150	13

399	117	3
399	116	3
400	115	2
401	115	2
402	116	2
403	117	2
404	118	2
405	119	2

400	119	2
401	119	2
402	120	2
402	120	2
402	121	2
402	122	3

387	128	2
387	127	3
387	126	3
387	126	3
387	126	3
388	127	3
389	127	3
390	127	3

390	126	2

367	150	11
368	150	11
369	150	11
370	150	11

370	152	11
370	153	12

405	122	1
404	121	2
404	120	2

406	118	2

370	154	13

371	154	11
372	154	11
373	154	11
374	155	12
373	156	13

407	118	2
408	117	2

406	117	2
406	117	3
407	116	3
407	115	2
406	115	3
406	115	3
406	114	4

370	155	14
370	156	13
370	157	13
371	158	12

367	156	12
368	156	12
369	156	12
370	155	12

374	157	13
374	158	13
374	159	13
374	160	13
373	161	13
372	162	13

372	154	13
372	155	13
372	156	13

409	116	2
410	115	1
412	113	2
413	113	1
414	113	1
415	112	1
415	111	1
416	110	0
418	109	1
419	108	1
420	108	1
421	107	0
422	107	0
423	106	0
424	106	0
424	106	0
425	106	0
426	106	0
427	106	0
428	106	0
429	105	0
430	105	0
431	104	1
432	104	1
433	103	1
434	102	2

405	113	2
406	114	2
407	115	2
407	116	2

372	157	11
372	158	12

370	159	13

371	163	14

371	163	12
370	162	12
369	162	12
368	163	11

371	161	13
370	161	13
369	161	13
368	161	14

367	160	11
368	159	12
369	159	12
370	160	12

369	159	16
370	160	15
370	160	14

372	164	15

370	162	15
371	162	15

372	164	13
372	165	13
372	166	13
371	166	13
370	167	13
370	167	13
370	168	12
370	169	11

372	162	16
372	163	16

370	165	14
371	165	14
372	165	14

84	322	32
85	323	32
85	324	32
84	325	32
83	326	33
82	327	33
81	328	33
80	329	34
79	330	34
79	331	34
78	332	35
77	333	36
77	334	36
76	335	36
75	336	36
74	337	36
73	337	36
72	337	37
71	338	38
70	338	39
69	339	40
68	339	40
67	340	41
66	341	41
65	341	41
64	342	41
63	343	41
63	344	41
62	345	42
62	346	42
61	347	42
60	348	42
60	348	42
61	347	42
62	346	42
63	345	41
64	345	41
65	344	41
66	343	41
66	342	41
65	341	41
65	341	41
64	342	41
63	343	41
62	343	41
61	342	42
60	342	42
59	341	42
58	340	41
57	340	42
57	341	43
56	342	44
56	343	44
56	344	44
55	345	45
54	346	46

83	321	32
82	321	32
81	322	33
81	322	33
82	322	33
82	323	33
81	324	33
81	324	33
80	324	33
79	324	33
78	324	34
77	324	34
76	324	34
75	323	35
75	322	35
75	321	34
75	320	34
74	319	34
73	318	34

84	320	32
84	319	32
85	318	32
87	319	32
88	319	32
89	319	31
90	319	31
91	319	30
92	319	30
93	320	29
94	321	29
95	321	28
95	321	28
96	320	28
97	319	28
98	319	28
99	318	28
99	318	28

99	324	27
99	323	26
99	322	26
99	321	26
100	320	27
100	319	27

100	318	28
101	317	27
102	317	27
103	317	26
104	317	26
106	316	25
107	315	25
108	314	25
109	314	25
110	313	25
111	312	25
112	312	25
113	312	24
114	312	24
115	311	23
116	311	23
117	310	23
118	310	23

124	320	22
123	321	22
122	321	22
121	321	22
120	321	23
119	322	24
118	322	24
117	322	24
116	323	23
115	323	23
113	324	24
112	324	24
111	325	24
111	326	24
110	327	24
109	327	24
108	326	25
108	326	25
106	328	25
105	327	25
104	326	25
103	325	26
102	325	25
101	325	25
100	325	26

99	325	26
98	326	26
98	327	26
99	328	26
100	329	26
101	330	26
101	331	26
102	332	25
103	333	25
104	333	25
105	334	25
106	335	25
108	337	24
109	338	24
110	339	24
111	340	24
111	341	24
111	342	24
111	343	24
110	344	23
110	345	23
110	346	22
110	347	22
111	348	21
111	349	21
111	350	21
111	351	21
111	352	21
112	353	20
112	353	20
113	353	21
114	353	21
115	354	21
115	355	21
115	356	20
115	357	20
115	358	20
116	359	20
117	360	20
118	361	19
119	361	19

119	311	23
120	310	24
121	309	24
122	308	24
123	308	24
124	307	23
125	306	23
125	306	23
126	305	23
127	305	23
128	304	23

119	312	23
119	313	23
120	314	23
121	315	22
122	316	22
122	317	22
123	318	22
124	319	22

125	318	21
127	320	21
128	319	21
129	319	21
130	319	21
131	319	21
132	319	21
133	320	20
134	320	19
136	320	19
137	320	19
138	319	19
139	319	19
140	319	19
141	318	19
142	318	19
143	317	19
144	317	19
145	317	19
146	316	19
147	316	19
148	316	19
149	315	19
151	314	19
152	314	18
153	314	18
154	314	18
155	314	18
156	313	18
157	313	18
158	313	18
159	313	18
160	314	17
161	314	17
163	312	18
164	312	17
166	313	17
167	312	18
168	312	18
169	312	18
170	312	17
171	312	17
172	311	17
173	311	17
174	311	17
175	311	17
176	310	17
177	310	17
178	310	17
179	310	17
180	310	18
182	309	17
182	308	17
183	307	17
183	306	17
183	305	17
184	304	16
186	303	15
187	303	15
188	303	15
189	303	15
190	302	14
191	302	14
192	302	14
193	302	14

194	303	14
194	304	14
195	305	15
195	306	15
195	307	15
196	308	16
197	308	16
198	309	16
199	309	16
200	310	16
200	311	16
201	312	17
203	313	17
204	314	17
205	315	17
206	316	17
207	316	17
208	316	17
209	315	18
210	316	18
211	317	18
212	318	18
213	319	18
214	320	18
215	320	18
216	321	18
216	322	18
217	323	18
218	324	18
218	325	18
218	326	18
219	327	19
221	328	19
222	329	20
223	330	20
224	330	20
225	331	20
226	331	20
227	332	19
228	332	19
229	333	20
230	334	20
232	335	20
233	336	20
234	336	20
235	336	20
236	337	20
237	338	20
238	339	20
239	340	20
240	341	20
241	342	20
242	343	20
244	344	20
245	345	20
245	346	20
246	347	20
247	348	20
248	349	20
249	350	21
249	351	21

209	296	11
208	296	11
207	296	12
206	296	12
205	296	13
204	296	13
203	297	13
202	298	13
201	299	13
201	300	13
200	301	13
199	302	13
198	302	13
197	301	14
196	301	14
195	302	14

249	352	22
250	353	21
251	353	21
252	353	21
253	353	21
254	353	20
255	353	20
256	352	19
257	352	19
258	352	19
259	352	18
260	352	18
261	351	18
262	351	18
264	351	16
265	351	16
266	350	16
267	350	16
268	349	15
269	349	15
270	350	15
271	350	15
272	350	15
273	350	14
274	350	13
275	350	12
276	350	11
277	350	10
279	351	9
280	352	8
281	352	8
282	352	8
283	352	8
284	352	8
285	352	8
286	352	7
287	352	7
288	352	6
289	352	5
290	352	4
291	352	4
292	353	3
293	354	2
294	355	1
295	356	0
296	357	0
297	358	0

248	353	23
247	353	24
247	353	25
247	353	25
246	354	25
245	354	25
244	354	25
243	354	25
242	355	26
241	355	27
241	355	28
240	355	29
240	355	30
239	356	31
238	357	31
237	357	31
236	358	30
235	358	30
234	358	31

210	295	11
211	294	11
211	293	11
211	292	11
211	291	11
211	290	11
211	289	11
211	289	11
211	290	11
211	291	11
211	292	11
212	292	10
213	292	10
214	291	9
215	291	9
216	291	9
217	290	9
218	290	9
219	289	9
219	288	9
220	287	8

211	296	11
212	296	11
213	296	11
214	296	11
215	296	11
216	296	11
217	295	10
218	294	11
219	293	11
220	292	11
221	291	10
222	290	10
223	289	10
224	288	10
224	287	10
225	286	9
226	285	9
227	285	9
227	284	9
227	283	8
227	282	8
228	281	8
230	280	8
231	279	7
232	279	7
233	278	7
234	277	7
235	276	7
235	275	6
235	274	6
236	273	7
236	272	7
235	271	6
234	271	6
233	270	6
233	269	6
234	268	6
235	267	5
235	266	5
236	265	5
237	263	4
237	262	4
237	261	4
237	260	4
236	259	5
236	258	4
237	257	3
238	257	3
239	256	4
240	255	4
241	254	4
242	253	4
243	252	4
244	251	4
245	250	3
246	250	3
247	250	3
248	249	3
248	248	3
249	247	3
250	246	3
250	245	3
249	244	3
248	242	3
248	241	3
249	240	3
249	239	3
250	238	3
250	237	3
250	236	3
249	235	4
249	234	4
250	233	3

298	357	0
299	357	0
300	356	1
301	356	1
302	355	0
303	355	0
303	355	0
304	354	0
305	353	0
306	352	0
307	351	0
308	350	0
309	349	0
310	348	0
311	348	0
312	347	0
313	346	0
314	345	0
315	345	0
316	345	0
317	345	0
318	344	1
319	344	1
320	343	1
321	343	1
322	342	2

297	359	0
297	360	0
296	361	1
296	362	1
295	363	1
295	364	1
295	365	1
294	366	1
292	368	2
291	369	3
290	370	3
289	371	3
289	372	3
288	373	4
288	374	4
287	375	5
287	376	5
288	377	6
288	378	7
288	379	7
289	380	8
289	381	9
290	383	9
290	384	9
291	385	9
291	386	9
292	387	10
292	388	11
292	389	11
292	390	11
292	391	12
292	392	12
292	393	13
292	394	14
292	394	15
291	395	16
291	395	16
290	396	17
290	397	17
290	398	17
290	399	17
289	400	18
289	401	18
289	402	18
288	403	19
288	403	19
289	404	20
289	405	20
288	406	21
288	407	21
287	408	21
286	408	21
285	408	21
284	409	21
283	409	21
282	410	22
281	411	23
280	411	24
279	412	25
278	413	25
277	414	25
277	415	25
277	416	25
276	417	26
276	418	26

251	232	3
252	233	3
253	234	3
254	234	3
255	233	2
256	233	2
257	234	2
258	234	2
259	234	1
260	234	1
261	234	1
262	235	2
262	235	2
263	235	2
264	235	2
265	235	2
266	236	2
267	236	2
268	235	2
269	235	2
270	234	2
271	234	2
272	234	1
273	234	1

252	231	4
252	230	4
252	229	4
252	228	4
252	227	3
252	226	3
251	225	3

195	409	23
196	410	23
197	410	23
198	410	23
199	410	23
200	410	23
201	409	23
202	409	23
203	409	23
204	408	23
205	408	23
206	407	22
207	407	22
208	407	22
209	407	22
210	407	22
212	406	22
213	406	22
214	406	22
215	406	22
216	406	22
217	405	22
218	405	22
219	405	22
220	405	22
221	406	22
222	407	22
223	408	22
224	408	22
225	408	22
226	407	22
226	406	22
227	406	22
228	407	22
229	408	22
230	409	22
231	409	22
232	409	22
233	409	22
234	409	22
235	408	22
237	409	22
238	410	22
239	411	22
240	412	22
241	412	22
242	412	22
243	412	22
244	412	23
245	412	23
246	412	23
247	412	23
248	413	23
249	413	23
251	413	24
252	413	24
253	413	24
254	413	24
255	413	24
256	413	24
257	414	24
259	415	24
260	415	24
261	415	24
262	415	24
263	415	24
264	416	25
265	416	25
266	416	25
267	416	25
268	416	25
269	417	25
269	418	25
270	419	26
271	419	26
272	418	25
274	418	26
275	418	26

271	453	41
272	452	41
273	452	41
274	453	40
275	453	40
275	452	40
276	451	39
277	450	39
278	449	39
279	448	38
279	447	38
280	446	37
281	445	36
282	444	36
284	442	35
284	441	35
284	440	35
283	439	34
282	438	34
282	437	34
282	436	33
282	435	33
282	434	33
281	433	32
281	432	31
281	430	30
280	429	30
280	428	30
280	427	30
279	426	29
278	425	28
278	424	28
277	423	28
277	422	28
277	421	27
277	420	27
276	419	26

252	224	3
253	223	3
254	222	3
255	221	3
256	220	4
257	220	4
258	220	4
259	220	4
260	220	4
261	220	4
262	219	4
262	218	4
262	217	4
262	217	4
263	217	3
264	217	3
265	218	3
266	218	3
267	218	3
267	217	3
268	216	4
269	215	5
269	214	5
270	213	5
271	212	5
272	212	5
273	212	5
274	212	6
275	211	7
276	210	7
277	209	7
278	208	8
278	207	8
279	206	9
280	206	10
281	205	11
282	205	11
283	205	11
284	205	11
285	205	11
286	205	12
287	205	13
288	204	14
290	205	15
291	205	16
291	206	17
291	207	17
292	208	17
292	209	17
293	210	18
294	211	19
295	212	20
294	213	21
294	214	21
293	215	21
293	216	21
292	217	21
291	219	21
290	220	22
290	221	22
290	222	22
290	222	22
291	223	22
292	223	22
292	223	23
292	224	23
292	225	23
292	226	23
292	227	23
292	228	23
291	229	22
290	229	22
289	230	22
288	231	23
288	232	23
288	233	23
288	234	23
288	235	23
287	236	23
287	237	23
286	238	23
285	239	22
285	240	22
285	241	22
285	242	22
285	243	22
286	244	22
288	246	23
288	247	22
289	249	22
290	250	22
290	251	22
290	252	22
291	253	21
292	254	21
292	255	21
292	256	21
292	257	21
293	258	21
294	259	21
294	260	21
295	261	21
295	263	21
296	264	21
297	264	21
298	265	21
299	265	21
300	265	20
301	265	20
302	265	20
303	266	19
303	267	19
304	268	19
305	268	19
306	269	19
307	270	19
307	271	19
306	272	19
306	272	19
305	273	19
305	274	19
306	275	19
307	275	19
309	275	19
310	276	18
311	277	18
311	278	18
312	279	18
313	280	18
314	281	18
314	282	18
314	283	17
314	284	17
315	285	17
315	286	17
316	287	17
318	289	17
318	290	17
319	291	17
320	292	17
321	293	17
322	293	17
323	294	16
324	295	16
325	296	17
325	297	17
325	298	17
325	299	17
325	300	17
325	301	17
325	302	17
326	303	17
326	304	17
327	305	16
328	305	16

223	205	5
224	205	5
225	206	5
226	206	5
227	207	5
228	208	5
229	208	5
230	209	5
231	210	4
232	210	4
233	211	5
235	211	5
236	212	4
237	213	4
238	213	4
239	214	4
240	214	4
241	215	4
242	215	4
243	215	4
244	216	4
245	217	4
246	218	4
247	219	4
248	220	4
249	220	4
250	221	3
250	222	3
250	223	3
250	224	3
250	224	3

188	410	24
188	409	24
188	408	23
189	407	23
190	406	23
192	406	24
193	407	23
194	408	23

198	402	22
197	403	23
197	404	23
196	405	23
195	406	23
195	407	23
195	407	23

270	453	41
269	452	41
269	452	41
270	451	42
269	450	41
268	450	41

225	466	48
226	466	48
227	465	47
228	465	47
229	465	47
230	465	47
231	465	47
232	464	46
233	464	46
234	464	46
235	464	46
236	465	46
237	465	46
238	465	46
239	464	46
240	464	46
241	464	46
242	464	46
243	465	45
244	464	45
245	464	45
246	464	45
247	464	45
248	463	45
249	463	45
250	463	44
251	462	43
253	461	43
254	460	43
255	459	43
257	457	42
258	457	42
259	456	41
260	456	41
261	457	42
262	458	42
263	458	43
264	457	42
264	456	42
264	455	42
265	455	42
266	456	42
267	456	42
268	455	41
269	455	41
270	454	41

329	304	17
330	303	16
330	303	16
330	302	16
330	301	17

330	305	17
331	305	17
332	306	17
333	307	17
334	307	17
335	307	17
336	308	17
337	309	18
338	310	18
338	311	18
337	312	18
336	313	18
336	314	18
336	315	18
337	316	18
338	317	19
339	318	19
340	319	20
342	321	20
343	321	20
344	322	21
345	323	21
346	323	21
347	324	21
348	324	21
350	325	21
351	325	21
352	326	22
352	327	22
353	328	22
355	330	22
355	331	22
355	332	22
355	333	22
355	334	22
355	335	22
356	336	21
357	337	21
358	337	21
359	337	21
360	337	21
360	337	21
361	338	21
362	338	21
363	338	21
364	338	22
365	338	22
366	338	22
367	337	22
368	337	22
368	337	22

222	204	5
223	203	4
224	202	4
225	202	4
226	202	5
227	202	5
227	202	5
226	202	5
225	201	5
224	200	5
223	199	4
223	198	4
223	197	4
224	196	4
225	196	4
226	197	5
227	198	5

221	203	5
220	202	5
219	202	5
218	202	4
217	201	4
216	200	4
215	199	3
214	199	3
213	199	3
212	198	4

369	337	21
370	336	22
371	335	22
372	334	22
373	333	22
373	332	22
374	331	23
374	330	23
374	329	23
373	328	23
373	327	23
374	326	23
375	325	23
376	325	23
377	324	23
378	323	23
379	323	23
380	322	23
381	322	23
382	321	24
383	321	24
384	320	25
385	319	26
385	318	27
385	317	27
386	316	27
386	315	27
386	314	27
387	313	28
387	313	28
387	312	28
387	311	28
388	310	29
389	309	29
390	308	29
390	307	29
390	306	29
390	305	29
390	304	29
390	303	29
390	302	29
390	301	29
390	300	29
389	299	29
389	298	29
389	297	29
388	296	29
388	295	28
388	294	28
387	293	28
386	292	28
385	291	29
385	290	29
384	289	28
384	288	28
383	287	28
383	287	28
382	286	28
381	285	29
380	284	28
380	283	27

367	338	22
366	339	22
366	340	22
365	341	21
365	342	21

209	197	3
210	197	3
211	197	4
211	197	4

183	168	4
184	169	5
186	169	5
187	170	5
188	171	5
189	171	5
189	171	5
190	170	5
191	170	5
192	170	5
193	171	6
194	172	6
195	173	6
196	174	6
196	175	6
197	176	6
198	177	6
198	178	6
198	179	6
198	180	6
199	182	6
200	183	6
200	184	6
201	185	6
202	186	6
202	187	6
203	188	6
203	189	6
204	190	6
205	191	6
206	191	6
207	192	6
208	193	5
208	194	5
208	195	5
209	196	5
210	197	5

365	343	20
366	343	19
367	343	19
368	342	18
369	342	18
370	342	17
371	342	17
371	342	17
372	342	17
373	342	17
374	343	17
375	343	17
376	343	17
377	343	17
378	343	17
379	343	16
380	343	16
381	343	16
382	343	16
383	344	16
384	344	16
385	344	16

365	343	21
365	344	21
365	345	21
365	346	22
365	347	22
365	348	22
365	349	22
364	350	23
364	351	23
364	352	23
364	353	24
364	354	24
364	355	23
364	356	23
364	357	23
364	358	24
364	359	24
364	360	25
364	361	25
364	362	25
364	363	25
364	364	25
364	365	25
364	367	26
364	368	25
364	369	25
363	370	25
363	371	25
363	372	25
363	373	25
362	374	25
362	375	25
361	376	25
360	377	26
359	379	25
358	380	25
358	381	25
357	382	25
357	383	26
357	384	26
357	385	26
357	386	26
357	387	25
356	388	25
355	389	26
354	390	26
353	391	26
352	391	26
351	392	27
350	392	27
349	393	27
348	394	27
348	395	27
347	396	28
346	398	29
346	399	29
345	400	28
345	400	28
343	402	29
342	403	30
341	404	31
340	404	31
339	405	32
339	406	32
339	407	32
338	408	33
338	409	33
337	410	33
335	412	34
335	413	34
336	414	34
337	415	34
338	416	35
339	417	35
340	418	35
340	419	35
340	420	35
341	421	35
342	422	35
343	423	36
344	423	36
344	424	36
345	425	36
345	426	36
345	427	36
346	427	36
347	428	35
348	430	36
348	431	36
349	432	37
349	433	37
349	434	37
349	434	37
349	435	37
350	436	37
351	436	37
351	437	37
351	438	37
351	439	38
351	440	38
350	441	38
349	442	38
349	443	38
349	444	38
349	445	38
350	446	38
350	447	38
350	448	38
350	449	38
350	450	38
350	451	38
350	452	38
350	453	38
351	454	38
351	455	38
351	456	38
352	457	39
353	457	39

174	149	5
175	150	5
177	149	5
178	150	5
178	151	5
178	152	5
178	153	5
179	154	6
179	155	6
180	156	6
181	156	6
181	157	6
182	158	7
183	160	7
183	161	7
184	162	6
184	163	6
184	164	6
184	165	5
184	166	5
183	167	5

180	166	5
181	166	5
182	167	5
182	167	5

172	140	4
172	141	4
174	143	5
175	145	5
176	146	5
175	147	4
174	147	4
173	148	5

172	148	5
171	147	5
170	147	5
169	146	5
168	146	4
167	146	4
166	145	4
166	144	4
165	143	4
164	142	4
162	141	5
161	140	5
160	139	5
161	138	5
160	136	4
159	135	4
159	134	4
158	133	4
158	132	4
159	131	4
160	130	4

159	127	4
160	128	4
160	129	4

161	130	4
162	130	4
163	130	4
164	130	4
164	130	4
165	130	4
166	131	4
167	130	4
167	129	4

152	118	4
152	119	4
153	120	3
155	121	4
156	122	4
157	123	4
157	124	4
158	125	4
158	126	4

157	127	4
156	126	4
156	126	4
155	126	4
154	126	4
153	126	4
152	126	4
151	125	3
150	124	3

307	226	47
306	227	48
305	227	48
304	228	48
303	228	48
302	228	48
301	227	48
301	226	48
301	225	48
302	224	48
303	224	48
303	223	48
304	222	47
304	222	47
305	222	47
306	223	48
307	223	48
308	223	48
309	223	48
310	223	47
311	223	47
313	223	47
314	223	47
315	223	47
316	223	46
317	223	46
318	223	46
320	223	47
321	223	47
322	223	46
323	223	46
324	223	46
325	222	46
326	222	46
327	222	46
328	222	45
329	222	45
330	221	44
331	221	44
332	221	44
333	222	44
334	223	43
335	223	43
336	223	43
337	224	42
338	224	41
339	224	41
340	224	41
341	224	41
342	224	41
343	225	42
344	225	42
345	225	42
346	225	42
347	225	41
348	225	41
349	225	41
350	226	41
351	227	41
352	228	42
353	228	42
354	229	42
355	229	42
356	229	42
357	229	41
358	229	41
359	228	41
360	227	41
361	226	41
362	225	40

363	225	40
363	225	40
363	226	40
363	227	40
363	228	40
364	229	41
365	230	41
366	231	41
367	231	41
368	231	41
369	232	40
370	232	40
371	233	40
371	234	40
371	235	40
372	236	39
373	237	39
373	238	39
373	239	39
374	240	39
375	241	39
377	243	39
378	244	39
379	245	39
380	246	39
381	246	39
382	246	39
383	247	39
384	248	38
385	249	38
386	249	38
388	249	38
389	249	37
390	249	37
391	250	37
392	250	37
393	250	37
394	251	37
395	252	36
396	252	36
397	252	36
398	253	36
399	254	36
399	255	36
398	256	36
397	257	35
401	254	36
401	253	36
402	253	35
403	253	35
404	254	35
405	254	35
406	254	35
407	255	34
409	257	34
410	257	34
411	257	34
413	258	34
414	258	33
416	260	33
417	260	33
418	260	33
419	260	33
420	260	32
421	260	32
422	261	31
423	261	31
425	262	31
426	261	31
427	261	31
427	262	31
427	263	31
427	264	31
426	265	31
426	266	31
427	267	30
428	268	31
428	269	31
429	270	31
430	271	31
431	271	31
432	271	31
433	272	30
434	272	30
435	272	29
436	272	29
437	271	30
438	270	30

364	224	40
364	223	39
364	222	39
364	221	39
364	220	39
364	219	39
364	218	39
364	217	39
364	216	39
364	215	39
364	214	39
364	213	39
364	212	39
364	211	38
364	210	38
363	209	38
363	208	38
362	207	38
362	206	38

438	269	29
437	268	29
437	268	29
436	267	29
436	266	28
436	265	28

448	291	29
448	289	29
448	288	29
448	287	29
447	286	29
447	285	29
446	284	29
445	284	29
444	283	29
443	282	29
442	281	29
442	280	29
441	279	29
441	278	29
441	277	29
441	276	29
441	275	29
441	274	29
440	273	28
440	272	28
439	271	29
439	270	29
439	270	29

362	205	39
362	205	40
362	205	41
363	205	42
364	205	43
364	205	44

362	205	37
362	204	36
362	203	36
361	202	36
361	201	36
361	200	36
361	199	36
361	198	36
361	197	36
361	196	36
362	195	35
362	194	34
362	193	34
362	192	34
363	191	33
363	190	33
363	189	33
363	188	33
363	187	33
363	186	33
363	185	33
363	184	33
362	183	32
361	182	32
361	181	32
360	180	32
359	179	32
358	178	31
358	177	31
357	176	31
357	175	31
357	174	30
356	172	29
356	171	29
356	170	29
356	169	29
355	168	30

449	292	29
450	291	29
451	291	29
452	290	28
453	289	27
454	288	27
455	287	27
456	286	27
456	285	27
457	284	27
458	284	27
459	284	26
460	284	26
461	284	26
462	284	25
463	284	24
465	284	24
466	284	24
467	283	23
468	283	23
469	282	23
470	282	23
471	283	23
472	283	23
473	283	23
474	282	22
475	281	22
477	280	21
478	279	21
479	278	21
480	277	21
481	276	21
481	275	21
482	274	21
483	273	21
483	272	21
484	271	21
485	270	21
486	269	20
487	268	20
488	267	20
489	265	19
489	264	19
490	263	19
491	262	19
491	261	19
492	260	18

328	314	45
329	315	45
330	315	45
331	315	45
332	314	44
333	314	44
334	314	44
335	314	44
336	314	44
337	314	44
338	314	43
339	314	43
340	314	44
341	314	44
342	314	44
343	314	44
344	313	44
344	312	44
344	311	45
344	310	45
344	309	44
343	308	44
343	308	44
342	308	44
342	308	44
343	309	45
344	310	45
344	311	45
344	312	44
343	313	44
343	314	44
344	315	44
345	315	44
346	315	44
347	316	44
348	317	44
349	317	44
350	317	44
351	318	44
352	319	44
353	319	44
354	319	43
355	319	42
357	320	42
358	320	42
359	320	42
360	320	42
361	319	42
362	319	42
363	319	42
364	318	42
364	317	42
364	316	42
363	315	43
363	314	43
364	313	43
365	312	43
366	312	43
368	312	43
369	312	43
370	312	42
371	312	41
372	313	42
373	313	42
374	314	42
375	314	42
376	314	42
377	314	42
378	315	42
379	315	42
380	316	42
381	316	42
382	316	42
383	316	42
384	317	41
385	318	40
386	318	40
387	318	40
389	318	40
390	318	39
391	318	39
392	318	39
393	318	39
394	318	39
395	318	39
396	318	39
396	318	39
397	319	39
398	320	39
399	321	39
400	321	39
401	320	39
401	319	39
401	318	39
402	317	39
404	316	39
405	316	39
406	316	39
407	317	38
408	318	38
409	318	38
410	318	38
411	318	38
412	319	38
413	319	38
414	319	38
415	319	38
416	319	38
417	318	37
418	318	37
419	318	37
420	318	37
421	318	37
423	316	36
424	315	35
425	315	35
426	314	35
427	313	35
428	312	35
429	311	35
430	310	34
430	309	34
431	308	34
433	308	33
434	307	33
434	306	33
435	305	32
435	304	32
436	303	32
437	303	32
438	302	32
438	301	32
439	300	32
440	299	31
441	299	31
442	298	30
443	298	30
444	297	30
445	296	30
446	295	30
447	294	29
448	293	29

365	205	45
366	205	45
367	205	45
368	205	45
369	205	45
370	204	45
371	204	45
372	204	44
372	204	43
373	204	43
374	204	43
375	205	43
376	205	43
377	205	43
378	205	43
379	206	43
380	206	43
381	206	43
382	206	43
383	206	43
384	205	42
385	205	42
386	205	42
387	205	42
388	205	41
390	205	43
391	206	42
392	205	41
393	205	41
394	208	41
395	208	41
396	208	41
397	207	41
398	207	41
399	207	40
400	207	39
402	208	40
403	207	40
404	208	40
405	208	40
406	208	40
407	208	40
408	208	40
409	209	40
410	208	39
411	207	40
412	207	40
413	207	39
415	207	39
416	207	39
417	208	39
418	209	38
420	209	39
421	209	39
422	209	39
423	210	38
425	211	38
426	211	38
427	210	37
429	212	38
430	211	37
432	209	37
433	208	38
434	209	37
435	209	37
437	210	37
438	210	37
439	210	37
440	210	37
441	210	37
442	211	36
443	211	36
444	211	36
445	211	36
446	212	35
447	212	35
448	212	35
449	212	35
450	211	35
451	211	35
452	211	35
454	211	34
455	211	34
456	212	34
457	213	34
458	213	33
459	213	33
460	212	33
462	212	33
463	212	33
464	212	33
465	212	33
466	212	33
467	212	33
468	212	32
469	212	32
471	213	33
472	213	32
473	213	32
474	213	31
475	213	31
476	213	30
477	213	30
478	213	30
479	213	30
480	213	30
481	214	30
483	214	30
484	214	30
485	214	30
486	213	30
486	213	30
487	213	29
488	213	29
489	212	29
490	212	29
491	211	29
492	211	29
493	210	29
494	210	29
495	211	29
496	211	29
497	211	29
498	211	28
499	211	28
500	212	29
501	212	29
502	212	28
503	212	28
504	211	28
505	210	28
506	210	28
507	210	28
508	210	28
509	210	27
510	210	27
511	210	26
511	210	25
511	210	24

363	205	45
362	204	45
361	204	45
360	204	46
359	204	46
358	203	47
357	203	47
356	202	47
355	202	47
354	201	48

305	132	27
306	133	27
307	133	27
308	133	27
308	134	27
309	135	28
310	136	28
311	137	28
312	138	29
313	139	29
314	140	29
315	141	29
317	141	29
318	142	29
319	143	29
320	144	29
321	145	29
322	146	29
322	147	29
323	149	29
324	150	29
325	151	29
326	151	29
327	151	29
328	150	29
329	150	29
330	151	29
331	151	29
332	151	29
333	151	29
334	152	30
335	152	30
336	152	30
337	153	29
339	154	29
339	155	29
340	156	29
341	156	29
342	157	29
342	158	30
342	159	30
343	160	29
343	161	28
343	162	28
343	162	29
343	162	30
343	163	31
344	163	31
345	164	31
347	163	30
348	163	30
349	163	30
350	163	30
351	164	29
352	164	29
353	164	29
354	165	29
355	166	29
356	167	30

357	166	29
357	165	28
358	164	28
359	163	28
360	162	28
361	161	28
362	160	29
363	160	29
364	159	29
365	159	29
367	157	28
368	156	28
369	156	28
370	155	28
371	154	28
372	153	28
373	152	28
374	151	28
375	151	28
376	150	28
377	149	28
378	149	28
379	148	29
379	147	29
380	146	29
381	145	29
382	144	29
383	143	29
384	142	29
385	141	29
386	140	29
387	138	29
388	137	28
388	136	28
389	135	29
389	134	29
390	133	29
390	132	29
391	131	29
392	130	29
393	129	30
394	128	30
396	126	30
396	125	30
397	124	30
398	123	30
398	122	30
399	121	30
400	120	30
401	119	30
402	118	30
402	117	30
402	116	30
402	115	30
403	114	31
404	113	31
405	112	31
406	111	31
406	110	31
406	109	31
406	108	31
406	107	31

492	259	18
491	258	18
490	257	17
489	256	17
490	255	17
491	254	17
492	253	17
494	253	17
495	252	17
496	253	17

493	259	18
494	258	18
495	257	18
495	256	18
495	255	18
496	254	17
496	254	17

353	201	47
352	202	47
351	203	47
350	204	47
349	205	47
349	205	47
349	205	46
348	206	45
348	206	44
347	206	43

353	200	48
353	199	49
352	198	50
351	197	51
351	196	52
351	196	53
350	196	53
349	196	53
348	196	53
347	196	54
346	195	55
345	195	55
344	195	55
343	195	56
341	195	56
340	195	56
339	195	56
338	196	57
337	196	57
336	197	57
335	198	57
334	199	57
333	200	57
332	201	57
331	201	57
330	201	57
329	201	57
328	202	57
327	203	58
326	204	59
325	204	58
325	204	58
324	204	58
323	205	59
322	205	59
321	205	60
320	205	60
319	205	60
318	205	60

421	108	29
420	109	28
419	109	28
418	109	29
417	109	29
416	109	29
415	109	29
414	109	29
413	109	29
412	109	30
411	108	30
411	107	30
410	106	31
409	105	31
408	105	31
407	105	31
406	105	31
405	106	30

367	86	38
368	87	38
369	88	38
370	88	38
371	89	37
372	90	37
373	90	37
374	90	37
375	91	36
376	91	36
377	91	36
378	91	36
379	91	36
380	91	36
380	91	36
381	92	36
383	92	36
383	93	36
383	94	36
382	95	35
382	96	35
382	97	35
383	98	34
384	98	34
385	98	34
386	98	33
387	98	33
388	97	34
389	97	34
390	98	33
391	98	33
392	98	33
393	98	33
394	97	33
395	96	33
396	96	33
397	96	33
398	96	33
399	97	33
400	97	33
401	98	33
402	98	33
403	98	33
404	99	33
404	100	32
404	101	32
403	102	32
403	103	32
403	104	32
404	105	31
404	105	31

497	254	18
498	253	17
499	252	16
499	251	16
499	250	16
499	249	16
499	248	15
499	247	15
500	246	15
501	245	14
502	244	13
503	244	13
504	243	12
505	242	12
506	241	12
506	240	12
506	239	12
505	238	12
506	236	12
506	235	12
506	234	12
506	233	11
506	232	11
507	231	10
507	231	9
508	230	8
509	229	7
509	227	6
509	226	6
510	225	6
510	224	6
510	223	6
510	221	6
510	220	6
510	219	5
510	218	5
511	217	4
511	216	4
511	215	4
510	214	3
510	213	3
510	212	3
510	211	3
510	210	3
509	209	3
508	207	3
507	206	3
507	205	3
507	204	3
507	203	3
507	202	3
507	201	2
508	200	1
508	199	1
508	198	1
508	197	1
508	196	1
508	195	1
508	194	1
508	193	1
507	192	0
507	191	0
507	190	0
508	189	0
508	188	0
508	187	0
508	186	0
508	185	0
507	184	0
507	184	0
507	183	0
507	182	0
508	181	0
508	180	0
508	179	0
507	178	0
506	177	0
505	177	0
504	176	0
503	175	0
502	174	1
502	173	1
501	172	0
501	171	0
501	170	0
500	169	0
500	168	0
499	167	0
498	166	1
498	165	1
498	164	0
498	163	0
497	162	0
497	161	0
497	160	0
497	159	0
496	158	0
496	157	0
497	156	0
498	155	0

421	107	28
420	106	28
419	106	28
418	105	29
417	104	30
417	104	30
416	104	31

422	106	29
423	106	28
424	106	28
425	106	28
426	106	27
427	106	27
429	106	28
430	105	28
431	105	28
432	105	27
433	105	27
434	105	27
435	104	27
436	105	27
437	106	27
438	107	26
439	108	26
440	109	26
441	110	26
442	110	26
443	111	26
444	112	25
445	112	25
446	113	25
447	113	25
448	113	25
449	113	25
450	114	25
450	115	25
451	116	24
452	116	24
453	116	24
454	115	24
455	114	24
456	114	24
457	114	23
458	114	23
459	114	23
460	113	23
461	112	23
462	112	23
463	112	23
464	112	23
465	112	23
466	113	22
467	113	22
468	113	22
469	113	22
470	114	22

471	115	22
470	116	22
470	116	22
469	115	22
468	115	22
467	115	22
466	114	22
465	114	22
464	114	22
463	114	22
462	115	22
461	116	23
460	117	23
460	118	23
460	119	23
460	120	23
461	121	22
462	122	22
463	123	21
464	123	21
465	123	21
466	124	21
467	125	20
469	126	20
470	126	20
471	126	20
472	126	19
473	126	19
474	127	19
474	128	19
474	129	19
475	130	19
476	130	19
477	129	19
478	128	19
479	127	19
480	127	19
481	127	19
482	128	18
483	128	18
484	129	17
485	129	17
486	128	18
487	128	18
488	127	18
489	127	18
490	128	17
488	131	17
488	132	17
488	133	17
489	134	17
490	135	17
491	135	17
492	134	17
493	133	17
494	133	17
495	133	17
496	134	16
497	135	15
499	137	16
500	137	15
501	138	14
501	138	14
502	138	13
503	138	13
504	139	14
505	139	14
506	140	14
507	141	14
508	141	14
509	141	14
510	141	13
511	142	12
511	142	11
511	142	10
511	143	9

472	114	22
472	114	22
473	114	22
474	114	22
475	114	22
476	114	22
477	113	22
478	113	22
479	113	22
480	113	22
481	112	23
482	112	23
484	111	23
485	111	23
486	111	23
487	110	23
488	109	23
488	108	22
488	107	22
489	106	22
490	107	22
491	108	22
492	109	22
493	109	22
494	109	22
495	108	22
496	108	22
497	108	22
498	108	22
499	108	22
500	108	22
501	108	22
502	108	22
502	107	21
503	106	21
503	105	21
504	104	22
504	103	22
505	102	21
506	101	21
506	100	21
506	100	21
507	100	21
508	100	21

50	7	22
49	7	22
48	7	22
47	7	22
46	6	22
45	5	22
45	5	22
44	5	22
43	5	22

52	10	21
51	9	21
51	8	21

52	7	21
52	6	21
52	5	21
51	4	22
51	3	22
51	2	22
52	1	22
52	1	22
53	0	22

53	10	21
54	9	21
55	9	21
56	9	21
57	10	20
57	10	20
57	9	21
57	8	22
57	7	22

62	24	23
62	23	23
63	21	23
63	20	23
62	19	22
62	18	22
62	17	22
61	16	22
60	15	21
59	16	21
58	17	22
57	17	22
56	16	22
56	15	21
56	14	21
55	13	21
54	12	21
54	11	21

62	25	23
63	26	23
63	27	23
64	28	23
64	28	23
65	29	24
66	30	24
67	31	23

61	26	22
60	27	23
60	28	23
60	29	23
61	30	22
62	31	23
63	32	24
64	33	23
63	34	22
63	35	22
62	36	22
63	37	22
63	38	22
64	39	23

64	37	23
65	38	23
65	38	23

86	89	22
85	88	22
85	87	22
84	86	22
83	85	22
82	84	23
81	83	24
81	82	24
81	81	24
81	80	24
81	79	24
81	78	24
81	77	24
81	76	25
80	75	26
80	74	26
81	73	26
82	72	26
81	70	26
80	69	26
79	68	26
79	67	26
79	66	26
79	65	26
78	64	26
78	63	26
77	62	27
76	62	27
74	60	26
74	59	26
74	58	26
75	57	27
75	56	26
75	55	26
75	54	26
74	53	26
74	52	26
74	51	25
74	49	26
74	48	26
74	47	26
74	46	25
74	46	25
73	47	24
72	48	23
72	48	23
71	47	24
69	45	24
67	43	23
66	42	23
65	41	23
65	40	23

89	89	25
88	89	24
87	89	23

45	131	8
46	132	9
47	132	9
48	131	9
49	130	9
50	130	9
51	130	9
52	129	9
52	128	9
51	127	10
50	127	10
49	127	10
48	127	9
48	127	9
49	127	10
50	127	10
51	126	10
52	125	11
53	124	11
54	123	11
55	122	12
56	121	12
57	120	11
58	120	11
59	119	11
60	119	11
62	119	10
62	118	10
63	117	11
64	116	11
66	115	11
67	115	11
68	114	11
69	114	11
70	113	11
71	113	11
72	113	11
73	114	11
74	114	11
75	114	11
76	114	11
77	114	12
78	114	13
79	114	13
80	113	13
81	112	13
81	111	13
81	110	13
80	109	13
80	108	13
80	107	12
81	106	13
82	106	13
83	105	14
84	105	14
85	104	14
85	104	14
86	103	14
87	102	15
87	101	15
87	100	15
87	99	15
88	98	16
89	97	16
90	96	17
90	95	18
90	94	18
90	93	18
90	92	18
90	91	18
89	90	19
88	90	20
87	90	21
87	90	22

90	88	26
91	88	26
92	88	27
93	88	27
94	89	28
95	90	28
97	92	28
96	93	27
96	94	27
95	95	28
95	96	28
96	97	29
97	97	29
97	98	29
97	99	29
97	100	29
97	101	29
97	102	29
97	103	29
98	104	30

88	82	24
89	83	24
90	84	24
90	85	24
90	86	25
90	87	25
90	87	25

99	105	30
100	104	31
101	104	31
102	104	31
103	104	31
104	103	31
105	103	31
105	102	31
106	101	32
106	100	32
107	99	33
108	98	33
108	97	33
108	96	33
109	95	34
111	94	34
112	93	33
113	93	33
113	92	33
113	91	34
112	90	35
112	88	35
112	87	36
112	86	36
112	85	36
112	84	36
113	83	36
114	82	37
115	81	37
116	79	39
116	78	39
116	78	39
117	77	40
118	76	41
118	76	41
119	76	41
120	76	41
121	75	42
121	74	42
121	73	42
122	72	43
123	71	43
123	70	44
123	70	45
122	70	46
122	70	47
122	69	48
122	69	49
122	69	50
121	70	51
120	71	52
120	72	53
119	73	54
120	74	55
120	75	55
121	76	56
122	77	57
121	78	58
121	78	59
121	78	60
122	78	61

114	128	30
114	127	30
113	126	30
112	125	30
111	124	30
110	123	30
109	122	30
108	121	30
107	120	29
107	119	29
107	118	29
107	117	29
107	116	28
107	115	28
106	114	29
105	113	29
104	112	30
103	111	30
102	110	30
101	109	30
100	108	30
99	107	30
98	106	30
98	105	30
98	105	30

63	161	34
64	161	34
65	160	34
66	159	34
67	158	34
67	157	34
68	156	34
69	156	34
70	155	34
71	154	34
72	154	34
72	153	34
72	152	34
73	151	33
73	150	33
74	149	33
75	148	33
76	147	33
76	147	33
76	146	33
77	145	32
78	144	32
79	144	32
80	143	33
81	143	33
81	142	33
82	141	32
83	140	32
84	139	32
85	138	33
85	136	32
86	135	32
86	134	32
87	133	32
88	132	32
88	131	32
89	130	33
89	129	33
90	128	32
91	128	32
92	128	31
93	128	31
94	128	31
95	128	31
96	128	31
97	127	30
98	127	30
99	126	30
100	126	30
101	126	30
102	126	30
103	126	30
104	126	30
105	125	29
106	125	29
107	125	29
108	126	30
109	126	30
110	126	30
111	127	30
112	128	30
113	129	29

114	129	30
115	130	30
116	130	30
117	131	30
118	132	30
119	132	30
120	132	30
121	133	30
122	134	30
123	135	30
125	137	30
126	138	30
126	139	30
127	139	29
128	139	29
129	139	29
130	138	29
131	138	29
132	139	29
133	139	29
134	140	29
134	141	29
134	142	29
135	143	29
136	144	29
138	144	29
139	144	29
141	146	29
142	146	29
143	146	29
144	147	29
145	148	29
146	148	29
147	149	30
148	150	30
149	151	30
150	152	30
150	154	30
150	155	30
150	156	30
151	158	30
151	159	30
150	160	30
150	161	30
150	162	30
151	163	30
152	164	30
153	165	30
153	166	30
154	167	30
155	168	30
155	169	30
157	171	31
158	172	31
159	172	31
160	173	31
161	173	31
161	173	31
162	172	31
163	171	31
164	171	31
165	172	31
166	173	31
167	174	31
168	175	31
169	176	32

170	175	32
170	174	32
170	174	32
171	174	32
172	173	32

169	177	32
170	178	32
171	179	32
172	180	32
173	180	32
174	181	32
175	182	32
175	183	32
176	184	32
177	185	32
178	186	32
179	187	32
180	188	32
180	189	32
180	190	32
181	191	32
182	192	32
182	193	32
181	194	32
180	195	32
180	196	32
181	196	32
182	196	32
183	196	32
184	197	32
185	198	32
185	199	32
185	200	32
185	200	32
186	201	32
187	202	32
187	203	32
188	204	32
189	205	32
189	206	32
190	207	32
191	208	32
192	208	32
194	210	31
194	211	32
194	212	33
194	213	33
195	214	33
197	214	32
198	215	32
199	215	32
200	216	31
201	216	30
202	216	29

202	217	28
203	218	29
204	218	29
205	219	30
205	220	31
206	221	32
207	221	32
208	221	32
209	222	33
211	224	33
212	225	34
212	226	34
212	227	34
211	228	34
211	229	34
212	230	34
212	231	34
212	232	34
213	233	35
214	234	35
215	235	35
216	235	35
217	235	35
218	236	35
219	237	35
220	237	35
221	237	35
223	237	35
224	238	35
225	238	35
226	239	34
227	240	34
228	241	35
228	242	35
228	243	35
228	244	35
228	244	35
229	245	35
230	246	35
231	247	35
232	248	35
233	249	35
234	250	35
234	251	35
234	252	35
235	253	35
236	254	35
237	254	35
238	254	35
239	255	35
239	256	35
239	257	35
240	258	36
241	259	36
242	260	36
242	261	36
243	262	36
243	263	36
244	264	36
245	265	37
246	266	37
247	267	37
248	267	37
249	268	37
250	269	37
251	270	37
252	271	37
252	272	37
253	273	36
254	274	36
255	275	36
256	275	36
257	276	37
258	277	37
257	279	37
258	280	37
259	281	37
259	282	37
260	282	37
261	282	37
262	282	37
263	282	37
263	282	37
264	283	37
265	284	37
266	285	37
267	286	37
268	287	37
268	289	37
268	290	37
269	291	37
270	291	37
271	292	38
272	293	38
273	294	38
274	294	38
275	295	37
276	296	37
278	298	38
279	298	38
280	298	38
281	299	38
282	299	38
283	299	38
284	299	38
285	300	38
286	300	38
287	301	38
289	302	37
290	303	37
290	304	37
291	305	38
291	306	38
291	307	38
292	308	38
293	308	38
294	309	38
295	310	38
296	311	38
298	313	38
299	313	38
300	313	38
301	314	38
302	314	38
303	315	38
304	315	38
305	315	38
306	315	37
307	315	37
308	316	37
309	317	37
311	318	38
312	317	37
313	317	37
314	318	38
315	319	38
316	320	38
316	321	38
316	322	38
315	323	38
315	324	38
315	325	38
315	327	38
316	328	38
317	329	38
318	330	38
319	330	38
320	330	37
321	330	37
322	329	37
323	329	37
324	329	37
324	330	37
325	331	36
327	333	37
328	334	37
328	335	37
329	336	37
330	337	37
330	338	37
330	339	37
331	340	37
332	341	37
332	342	37
333	343	37
334	344	37
335	345	37
336	346	37
336	347	37
337	348	38
338	349	38
339	349	38
340	350	38
342	350	38
343	351	38
344	352	38
344	352	38
345	352	38
346	353	39
347	354	39
348	355	39
349	356	38
350	357	38
351	358	38
352	359	39
353	360	39
353	361	39
354	362	39
355	363	39
356	363	39
357	363	39
358	364	40

123	258	38
124	257	38
125	257	38
126	257	38
127	256	37
128	255	37
129	255	37
130	255	37
131	255	37
132	255	36
133	255	36
134	255	36
135	254	35
136	254	35
137	254	35
138	253	35
139	253	35
139	253	35
140	252	35
141	252	35
142	252	35
143	253	35
144	254	35
145	254	35
146	253	34
147	253	34
148	254	34
149	255	34
150	255	34
151	255	34
151	255	34
152	256	34
153	256	33
154	256	33
156	254	33
157	254	33
158	254	33
159	253	33
160	253	33
161	253	33
162	254	32
163	254	32
164	254	32
165	254	31
166	254	31
167	253	30
168	253	30
169	252	30
170	251	30
171	250	30
173	250	30
174	250	29
175	250	29
176	250	29
177	250	28
178	250	28
179	250	28
180	250	27
181	250	26
183	249	25
184	249	25
185	249	25
186	249	24
187	249	24
188	248	24
189	247	24
190	247	24
191	246	23
191	245	23
191	244	23
191	243	23
192	242	23
192	241	23
192	240	23
192	239	23
192	238	23
192	237	23
193	236	23
193	235	23
194	234	23
194	233	23
195	231	23
195	230	23
196	229	24
196	228	24
197	227	24
198	225	26
199	224	25
200	223	25
200	222	25
200	221	25
201	220	26
201	219	26
202	218	27

63	263	19
63	262	18
63	262	17
64	261	16
64	261	16
65	261	17
66	261	16
67	260	16

62	262	20
62	261	21
62	260	22
62	259	22
63	258	23
63	257	23
63	256	23
63	255	23
63	254	23
63	253	23
63	252	23
63	251	23
64	250	23
64	249	22
64	248	22
64	247	22
64	246	22
64	245	22
64	244	22
64	243	23
64	242	23
64	241	23
64	241	24
64	240	25
64	239	25
64	238	25

63	264	19
62	265	19
62	266	19
63	267	18

64	238	24
64	237	23
64	236	22
65	235	21
66	234	20
66	233	20
66	233	20
66	232	20
66	231	20
66	230	20
66	229	20
66	228	20
66	227	20
66	226	20

63	237	26
62	236	26
61	235	26
60	234	27
59	234	27
58	234	27
57	233	27
56	232	27
55	231	28
55	230	28
55	229	28
55	228	28
54	227	28
54	226	28
54	225	29
52	223	30
52	222	30
50	220	30
49	220	31

64	267	18
65	268	17
66	268	16
67	269	15
67	269	14
68	270	13
68	270	12
69	271	11
70	271	11
71	271	11
72	272	10
73	273	10
74	274	9
75	275	9
76	276	8
77	276	7
78	276	7
79	277	6
80	277	6
81	276	7
82	276	7
82	275	7
83	274	6

68	319	35
68	318	35
68	317	34
68	316	34
67	315	34
67	314	34
67	313	34
67	312	34
67	311	34
66	310	33
65	310	33
64	310	33
63	310	33
62	310	33
62	310	33
63	309	33
63	308	33
62	307	32
62	306	32
62	305	32
62	304	32
62	303	32
62	302	32
62	301	32
62	300	32
62	299	31
62	298	31
62	297	31
62	296	31
63	295	30
63	294	30
62	292	31
62	291	30
62	290	30
62	289	30
62	288	30
62	287	30
62	286	29
62	285	29
62	284	29
62	283	29
62	282	28
62	281	28
62	280	28
63	279	28
63	278	28
63	277	28
62	275	27
62	274	27
62	274	26
63	273	25
63	272	24
62	271	23
62	271	22
63	270	21
63	269	20
63	268	19

83	273	7
82	272	8
82	271	8
82	270	7
81	268	8
80	267	8
78	265	6
77	265	6
76	264	5
75	264	5
74	263	5
73	262	4
72	261	5
71	259	6
71	258	7
69	256	5
68	256	4
67	256	3
66	256	3
65	256	3
64	256	3
63	256	3
62	256	2
62	256	2
61	255	3
61	254	3

84	273	6
85	272	7
86	272	7
87	273	6
89	274	6
90	274	6
91	274	6
93	273	5
94	275	5
95	276	5
96	277	6
96	278	6
97	279	6
97	280	6
97	280	6

92	282	6
93	283	6
95	284	8
96	283	7
97	282	6
98	281	6

99	281	6
100	281	6
101	282	5
102	282	5
103	283	5
104	283	5
105	284	5
106	284	5

107	285	4
106	286	5
106	287	5
106	288	5
107	289	5
108	291	5
109	292	5
109	293	5
110	294	5
111	295	5
112	296	5
113	297	5
114	297	5
115	297	5
116	297	5
117	296	5
117	295	5
117	294	5
117	293	5
117	292	4
117	291	4
117	290	4
117	289	4
117	288	4
116	287	3
116	286	3
119	286	2
120	286	2
121	285	3
122	284	3
122	283	2
122	283	2
121	281	2
120	280	2
120	279	2
119	278	2
118	277	2
117	277	2
116	277	3
115	277	3
114	277	3
112	277	3
111	277	3
110	278	3
109	279	3

107	283	4
108	282	4
108	281	3
108	280	3

106	279	5
107	280	4
107	280	4

102	243	54
103	243	54
104	242	54
105	242	54
106	242	54
107	242	54
108	242	55
109	242	55
110	242	54
111	242	54
113	243	54
114	243	54
115	243	53
117	243	53
118	242	53
119	241	53
120	240	53
121	240	53
122	239	53
123	239	53
124	238	52
125	237	52
127	237	51
128	236	51
129	236	51
130	235	51
131	234	51
132	233	51
133	232	50
134	231	50
134	230	50
134	229	50
134	228	50
135	227	49
137	227	49
138	227	49
139	227	49
140	226	49
140	225	49
141	224	49
143	223	48
144	223	48
145	222	48
145	221	48
145	220	48
145	219	48
146	218	48
147	217	47
148	216	47
149	215	47
150	214	47
150	213	47
152	211	46
152	210	46
152	209	46
151	208	46
151	207	46
152	206	45
152	205	45
153	204	45
154	203	45
155	202	45
157	202	46
158	201	45
158	200	44
158	199	44
159	198	43
159	197	43
160	196	43
161	195	42
162	194	42
163	193	42
164	192	41
165	192	41
167	190	40
167	189	40
167	188	40
168	187	40
169	186	40
169	185	40
169	184	40
170	183	40
171	182	40
171	181	40
172	180	40
173	179	40
174	177	40
174	176	40
175	175	39
176	174	39
177	173	39
178	172	39
179	172	39
180	172	39
181	172	39
182	172	39
183	171	39
184	171	39
185	171	39
186	170	38
188	169	39
189	169	39
190	168	38
191	167	38
192	166	39
193	166	39
193	165	39
194	164	38
195	163	38
196	162	38
197	161	38
198	160	39
199	160	39
201	159	38
202	158	38
203	158	38
204	157	38
204	156	38
205	155	38
206	154	38
207	154	38
208	153	38
209	152	38
210	152	38
211	151	38
212	150	38
213	149	38
213	148	38
213	147	38
214	146	38
216	144	39
217	143	38
218	142	38
219	141	38
221	140	38
222	139	37
223	138	37
224	137	37
225	136	37
226	135	38
227	135	38
228	134	38
229	134	38
230	133	38
230	132	38
231	131	38
231	130	38
232	129	38
233	128	37
234	127	37
234	126	37
235	125	38
235	124	38
235	123	38
235	122	38
234	121	38
233	120	37
233	119	37
233	118	37
233	117	37

234	116	37
234	118	37
234	119	37
235	119	37
236	120	38
237	120	37
238	120	37
239	120	36
240	120	36
241	119	35
242	118	36
243	117	36
244	116	36
245	115	35
246	115	35
247	114	34
248	114	34
250	113	35
251	113	34
252	113	34
253	113	34
255	112	34
256	112	33
257	112	33
258	112	33
259	111	33
260	111	33
261	110	32
262	110	32
263	110	31
265	110	31
266	109	31
267	109	31
268	109	30
269	109	29
270	109	28
272	108	28
273	107	28
274	107	28
275	106	27
276	106	27
277	106	26
278	106	26
279	106	26
280	106	26
281	105	26

233	115	37
233	114	37
232	113	37
231	113	37
230	113	37
229	112	37
229	112	37
227	111	37
226	111	37
225	110	36
224	110	36
223	110	36
222	110	36
220	109	36
219	109	36
218	108	36
217	107	36
216	104	35
215	105	35
214	106	35
214	106	35
213	105	35
212	104	35
211	103	35
210	102	35
209	101	34
208	101	34
207	101	34
205	100	34
204	100	34
203	99	34
201	99	33
201	100	33
200	101	33
200	102	33
199	103	33
198	104	33
197	104	33
196	104	33
195	104	32
194	104	32
193	104	32
192	105	31
192	106	30
191	108	30
191	109	29
192	110	28
193	111	27
194	112	26
194	113	26
194	114	26
194	115	25
194	116	25
195	117	25
195	118	25
196	119	25
197	120	25
197	121	25
198	122	25
198	123	25
199	124	25
200	125	25
201	127	25
201	128	24
201	129	24
201	130	24
202	131	24
202	132	24
203	133	24
204	134	24
204	135	24
204	136	24
204	137	23
203	139	22
203	140	21
203	141	21
202	142	21
202	143	21
202	144	21
202	145	20
201	146	20
201	147	20
200	148	20
200	150	19
199	151	19
199	152	19
199	153	19
198	154	20
197	155	20
197	156	20
197	157	19
197	158	19
197	159	18
197	160	18
197	161	18
196	162	18
195	164	18
194	165	18
193	165	18
192	166	18
192	167	18
191	168	18
191	169	18
191	170	18
190	171	18
190	172	18
190	173	18
189	174	18
188	174	18
188	175	18
188	176	18
188	177	17
188	178	17
187	179	18
186	181	17
186	182	17
185	183	17
185	184	17
184	185	17
183	186	17
182	187	17
181	188	17
180	189	17
181	191	16
180	192	16
179	193	16
179	194	16
178	195	16
178	196	16
177	197	16
176	199	16
175	200	16
175	201	16
174	202	16
174	203	16
173	204	16
172	205	16
172	206	16
171	206	16
170	207	17
169	207	17
168	208	17
167	209	17
167	210	17
166	211	17

282	106	25
282	107	26
282	108	26
283	109	26
283	110	26
284	111	26
285	112	25
285	113	25
286	114	26
287	115	27
287	116	27
288	117	28
290	119	26
291	119	26
291	120	26
292	121	27
293	122	27
294	123	28
295	124	29
295	125	29
296	126	28
297	127	28
298	127	28
299	127	28
300	128	28
301	129	27
302	130	26
302	130	26
301	129	27
300	128	27
299	127	28
298	127	28
298	128	27
298	129	27
298	130	27
299	131	27
300	132	27
301	133	27
302	134	27

282	104	26
283	103	26
283	102	26
283	101	26
283	100	26
283	99	26
282	98	25
281	98	25
284	96	26
284	95	25
283	94	24
283	93	24
282	92	25
282	91	25
281	90	24
281	89	24
281	88	24
281	87	24
281	86	24
281	85	24
281	84	24
282	83	23
281	81	23
281	80	23
282	79	23
282	78	23
283	77	23
283	76	23
283	75	23
283	74	23
284	73	23
284	72	23
284	71	23
284	70	23
284	69	22
283	68	21
283	66	23
284	65	22
284	64	22
284	63	22
285	62	21
285	61	21
285	60	21
286	59	20
286	58	19
286	57	19
286	56	19
286	55	19
285	53	19
285	52	19
285	51	19
286	50	19
287	50	19
288	49	18
289	48	18
290	47	18
290	46	18
290	45	18
291	43	18
292	42	18
292	41	18
291	40	18
290	39	17
293	38	18
293	37	17
293	36	17
293	35	17
292	34	17
292	33	17
292	32	17
293	31	17
294	31	17
294	30	17
294	29	17
294	28	17
294	27	17
293	26	17
295	24	17
295	23	16
295	22	16
295	21	16
296	20	15
296	19	15
296	18	15

301	12	14
301	13	15
301	14	15
300	15	15
300	16	15
299	17	15
298	17	15
297	17	15

294	13	17
295	14	16
295	15	16
296	16	15
296	16	15

301	11	13
301	10	13
301	9	13
300	8	14
299	7	14
301	5	12
302	4	13
303	4	13
304	5	13
305	6	12
306	7	13
307	7	13
307	7	13
308	6	13
308	5	12
308	4	12
308	3	12
309	2	11
310	1	10
311	0	10
313	0	8
314	0	8
315	0	8
316	0	7
317	0	8
317	0	8
318	0	8
319	0	8
320	1	8
321	2	8
322	3	7
323	4	7
324	4	7
325	4	7
326	5	6

301	12	13
302	12	13
302	12	13

386	351	15
387	352	15
388	352	15
390	354	15
391	354	15
392	354	15
393	354	15
394	354	15
395	355	15
396	356	14
397	356	14
398	356	14
399	356	14
400	357	13
401	357	13
402	358	13
403	359	14
404	359	14
405	359	13
406	358	12
407	358	12
408	357	11
409	357	11
410	358	11
411	359	11

412	356	10
413	357	10
413	358	10
413	359	10
412	360	10

412	361	11
413	362	11
414	363	11
415	363	11
416	363	10
417	363	10
418	364	11
419	365	11
420	366	12
421	367	12
422	368	12
422	369	12
423	370	12
424	371	13
424	372	13
425	373	13
425	374	13
425	375	14
425	376	14
425	377	14
425	378	14
425	379	14
426	380	14
427	381	14
428	382	15
428	384	15
429	385	16
430	386	16
430	387	16
430	388	16
430	389	16
431	390	17
431	391	17
431	392	17
431	393	17
432	394	17
433	395	17
433	396	17
433	397	17
433	398	17
430	396	17
430	397	17
430	398	17
431	399	18
432	400	19
433	401	19
434	401	19
435	402	19
436	403	20
437	403	20
437	404	20
437	405	20
438	406	20
439	407	21
440	408	21
441	408	21
442	409	22
443	410	22
444	410	22
445	410	22
446	410	22
447	410	22
448	411	22
449	412	21

412	354	10
413	355	10

414	354	9
414	353	9
415	352	9
416	351	9
416	350	9
416	349	9
417	348	10
417	347	10
418	346	10
419	345	11
420	345	11
421	345	11
422	346	10
422	346	9
423	343	10
423	342	10
424	341	9
425	341	9
426	340	10
427	340	10
428	339	10
429	338	10
430	337	11
431	337	11
432	336	10
432	335	10
433	334	9
434	333	9
434	333	9
435	333	9
436	332	9
435	331	9

449	413	22
448	414	23
448	415	24
448	416	25
448	418	25
448	419	26
449	420	27
449	421	27
449	422	27
450	423	28
451	424	28
452	424	28
452	423	28
453	422	29
454	422	30
455	422	30
456	423	30
457	424	31
459	425	31
460	425	31
461	426	32
462	426	32
463	427	33
464	428	33
464	429	33
465	430	33
466	431	33
467	432	33
468	433	33
468	434	33
467	434	33
466	434	33
469	436	33
470	436	33
471	436	33
472	436	33
473	436	33
474	436	33
475	435	33
476	435	33
477	436	33
478	437	33
479	437	33
480	437	33
481	436	33
482	436	33
484	434	32
484	433	32
485	432	32
485	431	32
486	430	32
486	429	32
487	428	32
487	427	32
488	426	32
488	425	32
489	424	32
490	422	32
490	421	32
491	420	32
491	419	32
491	418	32
492	417	32
492	416	32
493	415	32
493	414	31
493	413	31
494	411	31
494	410	31
494	409	31
494	408	31
494	407	30
494	406	30
494	405	30
494	404	30
494	403	30
494	402	30
494	401	30
494	400	30
495	399	30
496	398	29
495	397	29
494	396	29
494	395	29
494	394	29
495	393	29
496	392	29
496	391	29
496	390	29
497	389	29
497	388	29
497	387	29
497	386	29
497	385	29
497	384	29
497	383	29
497	382	29
497	381	28
497	380	28
497	379	29
497	378	29
498	377	28
498	376	28
498	375	28
499	375	28
500	374	29
500	373	28
500	372	28
501	371	27
502	371	27
502	370	27
503	369	28
503	368	28
503	367	27
503	366	27
503	365	27
503	364	27
504	363	27
504	362	27
504	361	28
504	360	29
504	359	29
504	358	29
504	356	27
504	355	27
504	354	27
505	353	26
505	352	26
506	351	25
506	350	24
506	349	24
506	348	24
506	347	24
507	346	25
508	345	25
509	344	24
510	342	23
511	341	23
511	339	23
511	338	23
511	337	22
511	336	22
511	335	23
511	334	23
511	333	23
510	332	23
509	331	22
509	330	22
510	329	22
510	328	21
510	327	21
510	327	21
511	326	21
511	325	21
511	324	21
511	323	21

430	459	0
429	460	0
428	460	0
427	459	0
427	458	0
427	457	0
427	456	0
427	455	0
428	454	0
428	453	0
428	452	0
428	451	0
428	450	0
428	449	0
429	448	0
429	447	0
429	446	0
429	445	0
429	444	0
428	443	1
427	443	1
426	443	1
426	443	1
427	443	1
428	443	1
429	443	1
430	442	1
431	441	1
432	440	2
432	439	2
432	438	2
432	437	2
432	436	3
432	435	3
433	434	3
433	433	3
433	431	4
433	430	4
434	429	5
434	428	5
435	427	5
435	426	5
435	425	5
436	424	5
436	423	5
436	422	5
437	421	6
438	420	7
440	418	7
441	418	7
442	417	8
443	416	8
444	416	9
445	416	10
446	416	10
447	416	11
448	417	12
448	417	13
449	416	14
449	416	15
450	415	16
450	414	17
450	413	18
450	412	19
449	411	20

390	345	15
391	346	14
392	346	14
393	347	14
395	348	15
396	347	15
397	347	14
398	347	14
399	348	15
400	348	15
401	348	15
402	348	14
403	348	13
405	350	14
406	351	13
407	352	12
407	353	12
408	353	11
409	353	11
410	353	10
411	353	10

385	325	0
386	326	0
386	327	0
387	328	0
388	329	0
389	329	0
390	330	0
391	331	0
392	332	0
392	333	0
392	334	0
392	335	0
392	336	0
391	337	1
390	338	2
390	339	2
390	340	2
390	341	2
391	342	1
391	343	1
391	344	2
393	346	3
394	347	3
395	347	3
396	347	3
397	348	3
398	348	3
399	348	3
400	348	3
401	348	3
402	348	3
403	348	3
403	349	4
403	350	5
404	351	6
405	351	6
406	351	6
407	351	7
408	351	7
409	352	8
410	352	9

139	0	34
140	0	33
141	0	33
143	0	33
144	0	33
145	0	33
146	0	33
147	1	32
148	2	31
150	0	32
151	1	32
151	2	32
152	3	32
153	4	31
153	5	31
153	6	32
153	7	32
153	7	31
154	7	30
155	7	30
156	8	29
157	8	29
158	8	29
159	9	29
160	10	29
162	11	28
163	10	28
164	10	28
165	11	29
166	11	29
167	11	29
169	12	27
170	12	27
171	12	27
172	12	27
173	12	26
174	12	26
175	12	26
176	12	26
177	12	26
178	12	26
179	12	25
180	12	25
182	12	25
183	12	25
184	13	25
185	14	24
186	14	24
187	15	23
188	15	23
189	16	23
190	16	23
191	17	23
192	18	22
193	18	22
194	18	22
195	19	21
196	19	21
197	19	21
198	19	20
199	20	19
201	20	18
202	20	18
203	20	18
204	20	18
205	20	17
206	20	17
207	20	16
208	20	16
209	19	15

187	0	14
188	0	14
189	0	15
190	0	15
191	0	15
192	0	15
193	0	15
194	1	15
194	2	15
195	2	15
196	2	15
197	3	15
198	4	15
198	4	15
198	5	15
198	6	15
198	7	15
199	8	16
201	9	15
202	9	15
203	9	15
204	9	15
205	9	15
206	10	15
207	11	15
208	12	15
209	13	15
210	14	15
210	15	15
210	16	15
210	17	15
210	18	15

211	19	15
212	20	16
213	20	16
214	21	16
215	21	16
216	21	16
217	20	16
218	19	16
218	20	16
219	21	16
219	22	16
220	23	16
221	23	16
222	24	16
223	25	16
225	25	16
226	25	16
227	25	16
228	25	16
229	26	15
230	26	15
230	27	15
230	28	15
231	29	15
232	29	15
233	30	15
234	31	15
235	32	15
236	33	14
237	34	14
238	35	14
239	36	14
240	37	14
241	38	14
242	39	14
242	40	14
242	41	14
243	42	14
244	43	13
246	44	14
247	43	14
247	42	14
247	41	14
247	40	14
247	39	14
247	38	14
248	37	14
249	37	14
250	37	14
251	37	14
252	38	14
252	39	14
253	40	13
254	40	13
255	40	13
256	40	13
257	41	12
257	42	12
258	42	12
259	42	12
261	44	12

262	45	13
263	44	12
264	44	11
265	44	11
266	45	10
268	46	11
269	47	11
270	48	10
271	49	9
272	50	9
273	51	9
274	52	9
275	53	9
276	54	9
276	55	9
277	56	9
278	56	9
279	57	9
280	57	9
281	58	8
283	60	8
284	60	8
285	61	9
286	61	9
287	62	9
288	62	9
289	63	9
290	63	9
292	63	8
293	63	8
294	63	8
295	63	8
295	64	7
295	65	7
296	66	7
297	66	7
298	67	7
299	67	6
300	67	6
301	66	6
302	66	6
303	66	6
304	67	6
306	69	6
307	70	6
308	71	6
309	71	6
310	71	6

263	46	13
263	47	13
263	48	13
263	49	13
263	50	13
263	51	12
263	52	12
263	53	11
263	53	10
263	54	9
263	55	8
262	56	8
263	57	8
263	58	8
264	59	9
265	60	9
265	60	9
265	61	9
265	62	8
264	63	8
264	63	8
263	64	8
262	65	8
261	65	8
260	66	8
259	66	8
258	67	8
257	68	7
257	68	7
257	69	7
257	70	7
256	71	7
255	72	6
255	73	6
254	73	6
253	73	6
252	74	6
251	75	6
251	76	6
250	77	6
249	78	5
248	79	4
247	80	3
247	80	3
246	81	3
245	82	3
244	83	2
243	84	2
242	85	1
241	86	0
240	87	0
239	88	0
238	88	0
237	88	0
236	88	0
235	88	0
234	89	0
233	89	0
232	90	0

311	71	6
311	70	5
311	69	5
311	69	5
312	68	6
312	67	6
311	66	6
310	65	7
309	64	7
308	63	7

312	72	7
313	73	6
314	74	5
315	74	5
316	74	4
317	74	4
318	73	4
319	72	4
320	72	4
321	72	4
322	72	4
323	72	4
324	73	4
325	73	4
325	73	4
326	73	4
327	74	4
328	74	4
329	74	4
330	75	4
331	76	3
332	76	3
333	76	2
334	76	2
335	76	2
336	76	2
337	77	1
337	78	1
338	79	1
339	80	1
339	81	1
340	82	0
341	83	0

452	474	43
451	473	43
450	472	44
449	472	44
448	471	43
447	470	42
447	469	42
446	468	43
445	468	43
444	468	43
443	468	43
442	468	43
441	467	43
440	466	43
439	465	43
438	465	43
437	464	43
436	463	42
436	463	42
436	462	42
435	461	42
434	460	43
433	460	43
432	459	43

462	492	15
461	491	16
460	491	16
459	491	17
458	491	18
457	491	19
456	491	19
455	490	20
454	489	21
454	489	22
454	488	23
454	488	24
454	488	25
454	487	26
453	488	28
453	488	29
453	488	30
453	488	31
453	487	31
453	486	32
453	485	33
453	484	34
454	483	35
454	482	35
453	481	36
452	480	36
452	479	36
453	478	37
453	477	37
454	476	38
454	476	39
454	475	40
454	475	41
453	474	42

454	475	43
455	476	44
456	477	44
457	478	44
457	478	44
458	479	44
459	480	44
460	481	44
461	481	44
462	481	44
463	482	45
464	483	45
465	484	45
466	484	45
467	485	45
468	486	45
469	487	44
470	488	45
471	489	44

465	487	15
464	488	15
464	489	15
464	490	14
464	491	14
463	492	14

463	493	13
463	494	13
463	495	13
464	496	14
465	497	14
465	497	14
466	498	13
466	499	12
466	500	12
467	501	11
468	502	10
468	503	10
468	504	10
469	505	9
469	506	9
469	507	9
469	508	9
470	509	8
471	509	8
472	510	7
473	511	6
474	511	5
475	511	4

466	488	14
467	487	15
467	487	15
468	487	15
469	486	15

466	489	14
467	490	14
467	491	14
468	492	14
469	493	14
470	493	14
471	493	14
471	492	14
471	491	14
471	490	14
472	489	15
473	488	15
473	487	15
473	486	15
474	485	15
475	484	15
476	483	15
477	482	14
477	481	14
477	480	14
478	479	14
479	478	15
480	477	15
480	476	15
480	476	15
481	475	16
481	474	16
482	473	15
483	472	15
484	471	15
485	470	15
486	469	15
487	468	15
488	467	14
488	467	14
489	466	14
490	466	14
491	466	14
492	465	14
493	465	14
494	464	13
495	464	13
496	463	13
497	462	13
498	462	13
499	462	13
500	462	13
501	462	13
502	461	13
503	461	13
504	460	13
505	460	13
506	460	13
507	459	12
508	458	12
509	457	11
509	456	11
510	455	11
510	454	11
511	453	11
511	452	11
510	451	11
509	451	11
508	450	11
507	450	11
506	450	10
505	450	10
504	449	10
503	449	10
502	450	9
501	450	9
500	450	9
499	451	8
498	451	8
497	451	7
496	451	6
495	451	5
494	451	5
493	452	4
493	453	4
492	454	3
491	454	3
490	454	3
489	454	3
488	455	2
487	455	2

347	305	56
348	305	57
349	305	57
351	307	58
352	307	58
353	307	58
354	307	58
355	307	58
356	308	57
358	309	58
359	309	58
360	309	58
361	309	58
362	309	57
363	309	57
364	309	57
365	309	56
366	309	56
367	309	56
369	310	56
370	310	56
371	310	56
372	310	55
373	310	55
374	311	56
375	312	56
376	313	55
377	313	55
378	313	55
379	313	55
380	313	55
381	313	55
382	314	55
383	314	55
384	314	55
385	315	56
386	315	56
387	315	56
388	315	56
389	314	55
391	315	56
392	315	56
393	315	55
394	315	54
395	315	54
396	315	53
397	315	53
398	315	53
399	315	53
400	316	52
402	316	52
403	316	52
404	315	52
405	315	52
406	314	52
407	313	51
408	312	50

408	311	50
408	310	50
408	309	50
408	308	50
408	307	50
408	306	50
408	305	50
408	304	50
408	303	50
409	302	49
409	301	49
409	300	49
408	299	50
408	298	50
407	297	50
406	296	50
405	295	50
405	294	50
405	293	50
405	292	50
404	291	50
403	290	50
402	289	50
401	289	50
400	288	50
401	287	50
401	286	50
401	285	50
401	284	51
401	283	51
400	282	51
399	281	51
399	280	51
398	279	51
397	278	51
397	277	51
397	276	51
397	275	51
396	274	51
396	273	51
395	272	51
395	271	51
394	270	51
394	269	51
393	268	51
393	267	51
392	265	52
391	264	52
390	263	51
389	263	51
389	262	52
389	261	53
389	260	53
388	259	53
387	258	53

409	312	50
410	313	50
411	313	50
412	313	50
413	314	50
414	314	50
415	314	50
416	314	50
417	314	50
418	314	50
419	315	49
420	315	49
421	315	49
422	315	49
423	315	48
424	315	48
426	315	48
427	315	48
428	315	47
429	315	47
430	315	47
431	316	47
432	316	47
433	316	46
434	316	46
435	316	46
436	315	46
437	315	46
438	314	45
439	314	45
441	313	45
442	312	44
443	312	44
444	311	45
445	310	45
445	309	45
446	308	45
447	307	44
448	306	44
449	305	44
450	304	44
451	303	44
452	302	44
453	301	44
454	300	44
455	299	44
455	298	44
456	297	44
457	296	45
458	296	45
459	296	45
460	295	45
461	294	44
462	293	43
464	291	44
465	290	45
466	290	45
467	290	44
468	289	44
469	289	44
470	289	44
471	288	44
472	288	44
473	288	44
474	287	45
475	287	45
476	286	45
477	286	45
478	285	45
479	284	45
480	283	45
481	282	45
482	282	45
483	281	45
484	280	45
485	280	45
486	279	45
487	279	45
488	279	45
489	279	45
490	278	46
491	278	46
492	277	46
492	276	46
491	275	45
491	274	45
491	273	45
492	272	46
493	272	46
494	272	46
494	272	46
495	272	46
496	272	46
497	272	46
498	271	46
499	270	46
500	270	46
501	270	46
502	269	46
503	268	46
504	268	46
505	268	46
506	268	46
507	267	47
508	267	47
509	267	47
510	266	48
510	266	48
511	265	49

386	257	53
385	256	53
386	254	53
386	253	53
385	252	54
385	251	54
385	250	54
385	249	54
386	248	55
386	247	55
387	246	55
388	245	55
389	244	55
390	243	55
391	242	55
392	241	55
393	240	55
393	240	55
394	239	54
395	239	54
396	239	54
397	239	54
398	239	54
398	239	54
399	239	54
400	238	54
401	237	54
402	237	54
403	237	54
404	237	54

353	247	55
354	246	55
355	245	56
356	244	56
357	243	56
358	243	56
359	244	56
360	245	56
361	245	56
362	245	55
362	245	55
362	244	55
361	243	55
361	243	55
361	243	55
362	243	55
363	243	56
364	243	57
365	243	57
366	243	56
367	244	55
368	244	55
370	245	55
371	246	55
372	247	55
372	248	55
373	248	55
374	248	54
376	250	55
377	251	54
378	252	54
379	253	54
379	254	54
379	255	54
379	256	54
380	257	54
381	258	54
382	259	53
384	259	53
385	258	53

372	177	11
372	178	12
371	178	13
371	178	13
372	180	14
372	181	14
372	182	14
371	183	14
371	184	14
370	185	14
370	186	14
370	187	14
371	188	14
371	189	14
371	190	14
370	191	15
369	192	15
368	193	15
368	194	15
367	195	15
367	196	15
367	197	15
367	198	15
367	199	15
368	200	15
368	201	15
367	202	15
367	203	15
367	204	15
367	205	15
367	206	15
367	207	15
366	208	15
366	209	15
366	210	16
365	211	17
365	211	17

